A1	2007(1)	2008(21)	2009(10)	2010(2953)	2011(2317)	2012(1932)	2013(564)	2014(1005)	2015(880)	2016(904)	2017(214)	
F13	2010(736)	2011(891)	2012(1179)	2013(1178)	2014(1639)	2015(153)	
F14	2009(1)	2010(1003)	2011(1465)	2012(1940)	2013(1530)	2014(1808)	2015(1777)	2016(1790)	2017(1682)	2018(1445)	2019(734)	
F15	2010(932)	2011(1443)	2012(1)	
F16	2010(389)	2011(625)	2012(1)	
F17	2010(699)	2011(1181)	2012(1834)	2013(1592)	2014(1425)	2015(1324)	2016(1378)	2017(1612)	2018(1582)	2019(1233)	
F18	2011(1092)	2012(2140)	2013(1713)	2014(1721)	2015(1641)	2016(1532)	2017(1426)	2018(1475)	2019(1244)	
F19	2015(1048)	2016(212)	
N12	2010(1)	
N14	2016(1)	2017(1)	2018(1)	
N15	2010(737)	2011(1383)	2012(1444)	2013(1440)	2014(1589)	2015(1967)	2016(7484)	2017(7313)	2018(3430)	2019(1299)	
N16	2010(3893)	2011(3818)	2012(3945)	2013(4262)	2014(2012)	2015(1)	2016(1)	
N17	2010(2885)	2011(478)	2012(492)	2013(96)	2019(1)	
N18	2010(3694)	2011(3812)	2012(3849)	2013(3765)	2014(4342)	2015(4890)	2016(4077)	2017(4180)	2018(4865)	2019(3840)	
N19	2010(4017)	2011(3815)	2012(4097)	2013(4232)	2014(4461)	2015(5029)	2016(4525)	2017(5050)	2018(4818)	2019(3818)	
T1	2007(13)	2008(1)	2009(4)	2010(3770)	2011(3645)	2012(3059)	2013(2466)	2014(1990)	2015(1937)	2016(2060)	2017(331)	
a1	2003(158)	2004(1987)	2005(1403)	2006(1568)	2007(773)	2008(1171)	2009(1352)	
f12	2007(317)	2008(1204)	
f13	2007(573)	2008(1482)	2009(1728)	2010(640)	
f14	2007(656)	2008(1989)	2009(1729)	2010(841)	
f15	2007(407)	2008(1337)	2009(1400)	2010(619)	
f16	2007(476)	2008(1220)	2009(1223)	2010(633)	
f17	2008(211)	2009(1250)	2010(522)	
n10	1993(106)	1994(1154)	1995(67)	1996(23)	1997(25)	1998(36)	1999(50)	2008(1)	2009(559)	
n11	1993(2290)	1994(3002)	1997(5)	1998(5)	1999(5)	2003(1)	2007(1)	
n12	1993(2106)	1994(4868)	1995(2553)	1996(2330)	1997(2779)	1998(2512)	1999(2478)	2000(2154)	2001(2797)	2002(3330)	2003(2686)	2004(1662)	2005(828)	2006(2634)	2007(3141)	2008(4)	2009(2)	
n14	1994(4)	1995(2540)	1996(2409)	1997(2803)	1998(2566)	1999(2557)	2000(2690)	2001(1830)	2003(29)	2004(5)	2005(390)	2006(3125)	2007(1137)	2008(5)	2009(6)	
n15	1998(354)	1999(2310)	2000(901)	2001(372)	2003(2093)	2004(1658)	2005(1910)	2006(3695)	2007(2961)	2008(4336)	2009(4060)	
n16	2000(4)	2001(21)	2002(23)	2003(2214)	2004(1679)	2005(2481)	2006(1893)	2007(3318)	2008(4891)	2009(4237)	
n17	2003(2160)	2004(1688)	2005(2992)	2006(5149)	2007(6528)	2008(7112)	2009(6650)	
n18	2005(817)	2006(5318)	2007(6424)	2008(6683)	2009(5550)	
n19	2009(4432)	
t1	2001(973)	2002(2073)	2003(2288)	2004(3267)	2005(2742)	2006(3153)	2007(1770)	2008(2461)	2009(3473)	
